$ 4 0.000005 10.20027730826997 50 5 43 5e-11
z 128 176 128 48 2 default-zener
r 128 48 128 -32 0 1000
t 176 48 208 48 0 1 -3.677082645840744 0.6959284155961329 100 default
w 208 -32 208 32 0
w 176 48 128 48 0
d -48 32 -48 -32 2 default
d 0 32 0 -32 2 default
d -48 176 -48 112 2 default
d 0 176 0 112 2 default
v -112 96 -112 48 0 1 40 12 0 0 0.5
w -112 48 -48 48 0
w -48 48 -48 32 0
w -48 48 -48 112 0
w -112 96 0 96 0
w 0 112 0 96 0
w 0 96 0 32 0
w -48 176 0 176 0
w 0 176 48 176 0
w 48 176 128 176 0
c 48 -32 48 176 0 0.0001 9.265479700882674 0.001
w -48 -32 0 -32 0
w 0 -32 48 -32 0
w 48 -32 128 -32 0
w 128 -32 208 -32 0
r 208 64 208 176 0 100
w 128 176 208 176 0
x 221 108 237 111 4 12 R2
x 140 -1 156 2 4 12 R1
o 19 64 0 4098 20 0.1 0 2 24 0
