$ 1 5e-9 10.20027730826997 50 5 43 5e-11
r 288 160 288 224 0 4700
c 288 160 288 80 0 1.0000000000000001e-7 0.49994786975973016 -10
l 208 80 208 160 0 0.00009999999999999999 0.010093166772250103 0
v 112 336 112 80 0 0 40 1.5 0 0 0.5
r 288 336 288 256 0 1000
w 208 160 288 160 0
w 208 80 288 80 0
t 240 240 288 240 0 1 -0.49994749436460917 0.17244304396543675 100 default
t 384 160 432 160 0 1 0.43022441915422194 0.6026674631196587 100 default
w 176 80 176 240 0
w 112 80 176 80 0
w 112 336 288 336 0
w 384 112 464 112 0
w 288 256 432 256 0
w 432 176 432 256 0
w 288 80 432 80 0
w 432 80 432 144 0
w 176 80 208 80 0
w 176 240 240 240 0
w 384 112 384 160 0
O 464 112 528 112 0 0
r 288 160 384 160 0 4700
o 2 64 0 4099 2.5 0.1 0 2 2 3
o 1 64 0 4099 2.5 0.1 1 2 1 3
o 20 64 0 4098 10 0.1 2 1
38 1 F1 0 0.000001 0.000101 -1 Capacitance
38 2 F1 0 0.01 1.01 -1 Inductance
38 0 F1 0 1 101 -1 Resistance
