$ 1 5e-9 10.20027730826997 50 5 43 5e-11
v 112 352 112 80 0 0 40 1.5 0 0 0.5
r 224 352 224 288 0 4700
w 224 80 288 80 0
t 176 240 224 240 0 1 0.11864347259701225 0.5535935687545234 200 default
t 352 240 400 240 0 1 -0.12332893147034762 0.43490295501208587 200 default
w 224 160 288 160 0
w 112 80 176 80 0
w 112 352 224 352 0
w 352 160 432 160 0
w 224 288 400 288 0
w 288 80 400 80 0
w 400 80 400 224 0
w 176 80 224 80 0
O 432 160 496 160 0 0
r 352 160 352 240 0 4700
w 176 160 176 80 0
w 288 160 352 160 0
r 176 160 176 240 0 4700
c 224 80 224 160 0 1.0000000000000001e-7 0.12328179032492237 0.001
l 288 160 288 80 0 0.00009999999999999999 0.00634270578182795 0
w 224 288 224 256 0
w 400 288 400 256 0
w 224 160 224 224 0
o 13 64 0 x8111a 5 0.1 0 1 0.5 -76
38 19 F1 0 0.000009999999999999999 0.001 -1 Inductance
38 18 F1 0 1e-8 0.0000010000000000000002 -1 Capacitance
