$ 1 5e-9 25.510281670702206 50 5 43 5e-11
r 224 304 336 304 0 47000
w 336 304 336 224 0
w 224 240 224 304 0
c 224 304 224 384 0 0.000009999999999999999 1.4878140242363316 2.5
r 224 160 224 64 0 100000
w 336 160 336 224 0
r 224 160 336 160 0 100000
O 336 224 400 224 0 0
w 224 160 224 208 0
r 160 208 160 384 0 100000
w 224 384 160 384 0
w 224 208 160 208 0
c 80 208 160 208 0 0.000009999999999999999 -1.4959940369857625 2.5
c 80 208 80 384 0 3.3000000000000004e-8 0.9620519502710745 0
w 80 384 160 384 0
l 0 208 0 384 0 0.00019999999999999998 0.006961930190360597 0
w 0 384 80 384 0
w 0 208 80 208 0
v -48 384 -48 64 0 0 40 5 0 0 0.5
w -48 384 0 384 0
w -48 64 224 64 0
a 224 224 336 224 9 5 0 1000000 1.4878140242363316 2.458045987256837 100000
o 7 64 0 x8101e 10 0.1 0 4 1 -48 17 3 0.025 0 13 0 2.5 -48 13 3 0.025 0 Output
