$ 5 0.000005 10.20027730826997 50 5 50 5e-11
152 -128 -112 -48 -112 0 2 0 5
x 36 -99 57 -96 4 36 \q
I -48 -112 16 -112 0 0.5 5
I -192 -48 -128 -48 0 0.5 5
x 36 -19 57 -16 4 36 \q
w -192 -16 -128 -16 0
150 -128 -32 -48 -32 0 2 0 5
w -48 -32 16 -32 0
w -48 48 16 48 0
w -192 64 -128 64 0
x 36 61 57 64 4 36 \q
I -192 32 -128 32 0 0.5 5
152 -128 48 -48 48 0 2 0 5
w -192 112 -128 112 0
150 -128 128 -48 128 0 2 0 5
w -192 144 -128 144 0
x 36 141 57 144 4 36 \q
I -48 128 16 128 0 0.5 5
I 272 128 336 128 0 0.5 5
x 356 141 377 144 4 36 \q
150 192 128 272 128 0 2 0 5
152 192 48 272 48 0 2 0 5
I 128 32 192 32 0 0.5 5
x 356 61 377 64 4 36 \q
w 272 48 336 48 0
150 192 -32 272 -32 0 2 0 5
w 128 -16 192 -16 0
x 356 -19 377 -16 4 36 \q
I 128 -48 192 -48 0 0.5 5
I 272 -32 336 -32 0 0.5 5
I 128 -128 192 -128 0 0.5 5
x 356 -99 377 -96 4 36 \q
152 192 -112 272 -112 0 2 0 5
w 128 -96 192 -96 0
I 272 -112 336 -112 0 0.5 5
x 39 -131 59 -128 4 36 1
x 39 -51 59 -48 4 36 2
x 39 29 59 32 4 36 3
x 39 109 59 112 4 36 4
x 359 -131 379 -128 4 36 5
x 359 -51 379 -48 4 36 6
x 359 29 379 32 4 36 7
x 359 109 379 112 4 36 8
w -128 -128 -192 -128 0
w -128 -96 -192 -96 0
I 128 64 192 64 0 0.5 5
I 128 144 192 144 0 0.5 5
I 128 112 192 112 0 0.5 5
